47416806
31975081
19129651
47852492
31968822
48499718
48272978
38054980
38053393
50800266
48925297
48459860
48103859
49745012
48511450
48726803
47637487
48116200
50803235
47397510
46546142
47417316
48726445
31884084
48726019
48266144
51454988
50800953
38051905
31428757
37690549
47415635
48924769
48455707
47416308
47634826
49742604
48448201
48277151
25625500
37948788
37997282
29555791
37951302
48061973
37947834
21701801
37691739
37955292
31424964
37992392
37700920
32380763
32379999
38017536
37995883
32381217
38021196
38009911
37994465
38014943
36063180
33892808
19133053
41410825
32601095
33892643
33481928
53696237
41816508
32018633
32601006
41815462
31967144
41814126
41816751
41817182
43331508
44803664
41593272
41813278
41816058
31968153
52150034
41814856
54294732
44803522